waypoints:
- latitude: -31.421867
  longitude: -64.102586
  yaw: 4.7
- latitude: -31.421767
  longitude: -64.102580
  yaw: 1.57
- latitude: -31.421694 
  longitude: -64.102651
  yaw: 4.7

